,Youngstown,Yankton,Yakima,Worcester,Wisconsin Dells,Winston-Salem,Winnipeg,Winchester,Wilmington_NC,Wilmington_DE,Williston,Williamsport,Williamson,Wichita Falls,Wichita,Wheeling,West Palm Beach,Wenatchee,Weed,Waycross,Wausau,Waukegan,Watertown_SD,Watertown_NY,Waterloo,Waterbury,Washington,Warren,Walla Walla,Waco,Vincennes,Victoria,Vicksburg,Vancouver,Valley City,Valdosta,Utica,Uniontown,Tyler,Twin Falls,Tuscaloosa,Tupelo,Tulsa,Tucson,Trinidad,Trenton,Traverse City,Toronto,Topeka,Toledo,Texarkana,Terre Haute,Tampa,Tallahassee,Tacoma,Syracuse,Swainsboro,Sumter,Stroudsburg,Stockton,Stevens Point,Steubenville,Sterling,Staunton,Springfield_OH,Springfield_MO,Springfield_MA,Springfield_IL,Spokane,South Bend,Sioux Falls,Sioux City,Shreveport,Sherman,Sheridan,Seminole,Selma,Sedalia,Seattle,Scranton,Scottsbluff,Schenectady,Savannah,Sault Sainte Marie,Sarasota,Santa Rosa,Santa Fe,Santa Barbara,Santa Ana,San Jose,San Francisco,Sandusky,San Diego,San Bernardino,San Antonio,San Angelo,Salt Lake City,Salisbury,Salinas,Salina,Salida,Salem,Saint Paul,Saint Louis,Saint Joseph_MO,Saint Joseph_MI,Saint Johnsbury,Saint Cloud,Saint Augustine,Saginaw,Sacramento,Rutland,Roswell,Rocky Mount,Rock Springs,Rockford,Rochester_NY,Rochester_MN,Roanoke,Richmond_VA,Richmond_IN,Richfield,Rhinelander,Reno,Regina,Red Bluff,Reading,RavennaYoungstown,0,966,1513,2964,1149,927,1611,1510,390,466,1820,1718,504,1179,308,1017,1167,3250,622,2947,1240,244,601,1366,1008,1190,315,326,2452,1958,892,1031,530,2675,1518,1648,1157,417,1222,1583,1998,126,535,1065,707,1807,844,435,1051,775,957,671,1003,245,3014,2802,952,187,666,2909,2174,675,1308,1525,401,607,1336,1053,1853,1881,640,88,859,216,1218,1113,745,710,2038,2816,1666,1742,996,1268,1589,3010,1254,953,128,395,47,2493,2355,130,1330,218,1133,2269,3104,1715,527,1328,1807,567,309,562,910,1487,1540,1178,2390,3005,2114,1786,2072,1192,694,961,1018,168,565,1700,1636,2019,1458,1564,2871,348Yankton,966,0,2410,1520,1817,729,686,290,1823,168,2027,172,1610,1500,1002,1247,1550,2390,3229,2890,2198,1000,393,776,373,278,962,428,2645,1452,2120,223,556,2505,1327,3126,1461,862,1566,2101,524,1872,661,1520,561,2407,1439,460,870,287,534,291,981,796,3259,1195,2986,805,829,2793,998,2567,933,266,1132,996,735,335,2701,257,1278,589,947,709,1425,127,1747,393,2739,1078,1343,191,1726,899,404,2547,1810,396,850,294,434,2519,524,2297,1319,1168,1351,1832,846,1407,1293,1752,1002,2152,436,361,1442,584,1359,766,2836,737,1313,697,825,963,1855,267,548,1127,432,2265,558,571,943,198,1917,2541Yakima,1513,2410,0,604,481,2742,1833,826,214,1618,1712,567,544,1313,1270,269,1432,1783,2678,360,1725,2260,1549,1016,253,1548,434,769,2873,1484,572,2104,419,2422,1461,542,2941,1221,827,2351,820,486,1415,1565,1085,1353,2039,1620,1238,290,1244,487,1146,736,2295,1312,250,2969,182,2678,1096,356,1299,914,189,726,516,323,1830,824,580,1361,915,797,693,312,656,1046,2093,1054,702,2894,847,1293,1397,2885,1695,2709,489,1160,341,2341,485,450,1412,1157,681,1773,1542,977,1918,722,591,966,1852,509,1189,490,1081,779,1906,1273,1566,2936,2141,1277,606,1066,752,486,590,2132,1095,2154,1211,2217,2673,1570Worcester,2964,1520,604,0,595,1289,1446,466,1139,430,428,201,452,1574,1068,255,965,1948,1842,820,1600,1933,1824,1128,305,958,1320,291,1707,1799,692,1593,2274,2359,943,975,1358,2701,1229,2355,1162,813,343,1049,1170,1060,1021,2220,586,554,1111,578,1354,939,2302,709,369,410,2871,2838,1134,614,1650,2790,532,796,1803,716,2080,591,1460,492,2106,967,635,582,442,477,999,1419,1403,1187,3034,874,1952,3023,1685,2612,2606,102,1199,2444,90,411,1780,1418,811,2787,1704,629,489,3042,2112,441,691,2308,1412,639,1253,187,3108,1384,1567,808,864,980,1828,1229,1861,861,499,1408,986,2719,1437,769,1038,2343Wisconsin Dells,1149,1817,481,595,0,494,550,2641,765,934,1813,1516,378,1363,1344,1513,1249,2487,1850,1192,708,1360,1351,2999,1178,1198,730,1127,2691,921,934,1578,1110,409,1238,712,1839,1014,2402,1105,387,1157,1047,1064,882,997,881,1180,1186,1344,1383,443,1414,1109,2352,1379,714,507,1072,818,929,740,1633,324,2397,695,551,809,2462,211,561,1407,678,1898,1275,670,1087,549,2152,1915,769,1220,1024,2142,1251,1325,2063,2584,2518,2916,55,1545,213,54,1741,1618,1731,2845,374,734,712,839,1258,2134,196,1245,3213,75,944,749,2203,103,1217,576,1526,2056,291,1205,216,1994,324,2187,260,2586,1974,2352,2243,691Winston-Salem,927,729,2742,1289,494,0,1279,1197,2956,299,888,491,1408,1432,1360,327,2375,2595,2717,1097,841,468,1909,2698,2007,1034,970,537,1344,1703,463,1893,1067,2705,1265,961,808,1497,285,819,1356,483,1362,2101,701,2384,952,1006,232,1944,740,751,1400,1226,1919,453,819,715,1172,2595,1900,392,1573,367,542,1942,1151,512,1171,593,839,473,1619,711,704,883,1174,386,2360,1503,344,1528,413,903,3288,2947,590,2962,2481,2564,2955,2502,877,152,1374,1579,762,565,448,1398,916,1972,1266,973,1911,757,2133,1766,1468,548,1747,836,2217,1367,2127,367,2719,1246,1647,120,1429,1526,928,1791,1865,2917,543,1943Winnipeg,1611,686,1833,1446,550,1279,0,250,1500,2749,2035,832,240,1252,1220,589,1160,1009,2898,605,1138,757,1058,1473,1714,3164,719,777,1926,1043,811,1144,1382,2898,1225,2773,1700,493,326,1856,2772,1230,1018,2416,1501,1519,1935,1053,647,893,1135,1056,1130,1193,2620,1196,821,929,744,2840,1223,2548,1579,505,624,1149,3062,375,2223,983,1221,788,434,1712,1180,1814,760,474,1656,1417,885,1993,1111,1147,1259,876,1954,1365,2859,2791,2538,1198,579,806,1477,1212,788,3031,2577,1456,976,2190,1200,1379,1227,2381,1623,1010,3096,696,2047,1339,1379,783,1042,1148,446,1930,668,1815,646,342,273,2580,861,2784,249,246Winchester,1510,290,826,466,2641,1197,250,0,637,1305,1061,369,724,1246,944,203,718,2697,1473,904,805,1023,572,471,1538,2880,2936,976,1718,1096,836,1842,890,3126,1418,1039,2688,1356,758,1686,239,2646,891,1879,1816,315,1247,2116,773,719,314,1656,1715,1033,2282,249,1091,732,1388,2222,1430,944,1441,447,694,972,208,2088,1575,346,522,1170,922,376,2095,627,2444,513,1573,1229,1081,1612,2070,1258,557,1983,1549,2853,1271,3040,2830,466,2554,505,728,1315,735,3057,105,917,1047,995,1249,935,1079,789,3286,599,1821,2495,1934,1086,836,837,2244,418,1170,633,2725,577,1336,2337,1294,1917,1807,1989,345,413Wilmington_NC,390,1823,214,1139,765,2956,1500,637,0,345,663,2647,843,1044,1192,1311,1048,2904,2981,2015,913,565,880,1404,700,1366,2652,2760,2796,1226,278,1266,1361,1960,1646,782,282,2448,134,1702,750,230,2219,1664,1516,247,561,1380,1239,766,385,602,2078,1470,2903,684,1054,1151,525,1865,432,1102,1591,2787,514,880,821,865,914,333,982,464,1103,983,1133,1628,649,1743,2176,1280,483,1553,1069,1355,1283,2472,885,1199,2750,1342,3014,840,2537,2562,1835,510,829,2831,58,1739,1427,1069,1929,952,798,1535,547,2084,1382,1432,560,1309,1028,1204,1339,1083,1098,1388,629,2858,785,827,1197,725,1127,2778,1071,405Wilmington_DE,466,168,1618,430,934,299,2749,1305,345,0,1481,1203,2539,1848,748,416,2175,2589,3128,828,848,673,1155,1634,537,512,1051,2459,500,1005,518,1257,1138,2944,500,1097,389,189,2001,1540,483,744,522,1841,1003,951,731,373,575,1848,431,438,1242,1833,1562,251,1075,907,1231,2386,997,391,1836,748,2405,1114,988,842,2546,2242,441,931,976,1224,1474,292,1237,257,295,642,529,1307,855,1357,2296,1805,1272,1784,1220,2964,1316,521,2429,2464,1272,1673,623,2934,358,1752,1234,2504,2025,1817,840,1294,2440,1333,2775,944,1140,3110,1209,899,883,180,394,152,624,688,2293,2471,1433,2797,973,2115,281,723Williston,1820,2027,1712,428,1813,888,2035,1061,663,1481,0,239,1071,1887,1618,627,760,1394,2880,386,1015,1056,1263,738,833,1527,268,1321,238,2026,722,1349,800,1597,1464,1168,201,207,1318,418,658,380,603,1337,1701,1511,1167,296,932,1093,1622,541,707,997,1666,1765,791,1017,391,1777,479,1032,952,867,812,2149,228,821,2644,667,1745,475,1086,768,1856,899,614,1289,2148,2521,1024,1358,1395,1310,1194,1354,605,2171,1681,905,2938,1221,2873,2437,1659,1425,771,2035,236,1442,1252,629,703,1875,1594,1313,2124,1238,837,2568,1645,2030,1658,1292,1183,456,550,1349,1156,696,293,701,1214,1225,2076,923,804,272Williamsport,1718,172,567,201,1516,491,832,369,2647,1203,239,0,353,724,1774,605,1515,2690,1858,703,1222,775,534,234,795,1757,1285,198,3156,2152,2347,1038,1000,2179,195,1191,1005,458,1350,2115,2416,620,585,1009,974,2991,852,1200,1247,271,136,1684,589,462,2095,2365,1552,624,815,2654,646,206,927,595,1019,865,3026,829,2661,803,1305,1699,1053,1172,470,1218,682,115,2996,843,1048,720,1483,810,980,1822,827,1504,2068,1991,870,456,1347,2815,1222,1666,2414,3040,1123,1545,1020,664,2028,483,1652,2137,2121,1208,2310,749,185,1520,423,3041,1070,296,1053,446,771,1265,898,1860,2158,2866,1433,2995,1948,457Williamson,504,1610,544,452,378,1408,240,724,843,2539,1071,353,0,1284,416,2442,1459,1765,2935,1815,907,982,1365,1795,905,750,1489,1165,2383,1330,2176,2114,586,1971,699,1539,83,765,1665,2291,943,2290,380,1642,857,1236,2370,1228,1130,504,1086,807,2579,344,2552,1311,1916,1654,69,2473,747,878,1127,1064,202,1110,1230,2178,2477,831,1399,1254,1913,1030,1617,678,721,558,2125,229,869,2599,898,779,1636,2030,622,1394,1401,2378,1974,2373,2764,1217,1933,1308,1801,1045,160,646,1123,979,2054,2141,736,2195,3003,1313,1327,1722,2937,3183,640,1865,969,343,800,402,626,663,728,2318,504,139,2093,1423,369,1618Wichita Falls,1179,1500,1313,1574,1363,1432,1252,1246,1044,1848,1887,724,1284,0,1054,998,3280,2912,2213,413,646,667,1572,358,857,285,435,1395,1650,1287,1082,2334,2361,3136,491,990,1363,444,884,2521,828,909,1833,962,1046,1747,1057,2708,659,913,1430,445,1026,2334,2678,1106,1002,2064,1800,2922,462,348,488,454,868,405,1327,885,325,598,1393,1326,1427,1705,1028,1088,1340,951,2375,1127,1844,951,2739,400,1724,1762,830,1521,1300,1711,2417,669,1310,2706,1073,1936,2236,1021,2879,1748,227,958,1983,2167,1841,230,3061,1901,1174,1481,668,458,1252,1340,402,2146,1023,487,994,721,888,1384,1400,2251,1597,3064,1879,533Wichita,308,1002,1270,1068,1344,1360,1220,944,1192,748,1618,1774,416,1054,0,85,1794,117,3213,1155,1008,854,1257,791,1007,2003,210,465,1763,471,424,1330,2457,710,1658,1230,773,1123,1569,1367,1143,891,1126,1457,667,799,1524,1182,2032,960,782,760,1056,781,680,1125,479,1104,2400,1329,1030,496,1395,1082,127,374,937,1106,2695,2206,1236,1305,918,1525,1291,931,836,639,2757,520,789,106,911,1847,1198,1808,896,1732,1418,1371,1750,809,1695,1236,1795,869,2252,641,2622,1516,1243,1462,2077,1861,1867,2297,709,2031,2458,1485,1603,2337,2001,2932,783,1098,2824,80,726,1127,211,2574,262,2748,1391,131,328,1581Wheeling,1017,1247,269,255,1513,327,589,203,1311,416,627,605,2442,998,85,0,1252,1461,505,1127,111,768,394,425,1214,206,1775,172,2480,204,627,1428,921,246,1745,63,1013,533,1040,2354,861,1206,1246,2180,1300,1653,501,1657,701,2440,1180,770,1349,919,2263,2300,388,590,1346,848,1166,365,1214,549,689,696,1580,143,2940,938,1603,1185,765,1089,1940,1688,1002,747,1451,333,1179,1236,976,646,2993,2305,979,1802,1626,1728,1345,1010,2016,1637,2277,1818,554,377,2754,1084,1925,635,1171,1964,1638,2323,3202,778,2450,2324,1765,2021,819,261,1042,652,1744,1883,1081,859,562,1673,1283,1767,2249,2449,2812,558West Palm Beach,1167,1550,1432,965,1249,2375,1160,718,1048,2175,760,1515,1459,3280,1794,1252,0,2358,1752,2920,1230,170,1358,1574,899,672,109,1582,2588,1174,854,694,945,3496,1272,2903,1094,773,980,1184,1194,735,1488,2300,1580,2738,1363,626,835,895,2441,904,233,1232,2613,1515,2316,499,1065,1745,1824,1447,1663,744,414,244,677,622,1970,1145,1426,1686,1431,979,2019,1441,2355,593,2518,1625,1572,636,970,1000,1159,945,1383,1848,1708,1936,1767,1472,1415,2024,821,2059,2176,1759,3098,1298,1526,3235,2037,1065,1741,2181,3228,2000,1035,2382,435,2018,320,2268,2073,2234,1234,998,2830,1190,308,1138,414,2969,709,2946,624,2482Wenatchee,3250,2390,1783,1948,2487,2595,1009,2697,2904,2589,1394,2690,1765,2912,117,1461,2358,0,2659,1434,1777,990,433,715,658,373,357,305,1002,1540,375,411,705,2636,2018,2880,2996,799,1166,1620,1207,1160,564,2542,1700,354,2117,1514,477,1370,240,2383,1881,82,2853,373,864,2376,1002,2224,836,2047,278,319,412,983,1420,394,2058,188,1671,1338,2350,1490,1980,1123,1045,1920,1870,331,126,499,754,981,1380,2151,1370,2282,1754,1779,1975,1094,1376,1357,832,801,926,250,1400,1435,1771,2279,1629,2150,842,2284,3047,2026,2851,194,509,2900,538,1575,196,929,2897,587,1685,2963,653,1438,653,2064,2170,1965,945,280Weed,622,3229,2678,1842,1850,2717,2898,1473,2981,3128,2880,1858,2935,2213,3213,505,1752,2659,0,899,509,1985,1580,935,1000,1801,73,663,2690,1507,677,1288,511,2029,1156,386,2695,2746,871,1558,750,1081,1365,1552,1942,169,558,2455,612,339,418,614,3353,1674,3035,51,694,1017,2371,2295,791,993,977,1651,549,824,475,381,2027,859,715,1583,682,2142,1871,1021,476,1100,848,973,1349,1701,516,539,1163,3125,1126,1265,2179,1825,1753,1035,1398,1246,471,895,1212,2928,3022,481,1945,3009,535,1105,1850,1385,3150,1955,2812,2484,2399,2958,902,1512,1097,1388,441,2108,1167,1818,2398,1412,569,1608,1293,3166,1208,1012Waycross,2947,2890,360,820,1192,1097,605,904,2015,828,386,703,1815,413,1155,1127,2920,1434,899,0,676,551,1403,302,212,636,1573,273,2897,1593,1300,1681,800,2164,767,883,1439,2455,2088,2378,950,624,702,2419,901,146,751,195,1657,1227,622,1084,741,3108,1430,1120,989,557,1524,637,917,759,675,2197,1258,1156,910,670,1619,148,874,627,927,896,1029,1406,323,999,2841,2884,958,485,1663,866,1072,2050,2165,2025,1286,2322,1799,786,1574,1374,1397,414,1876,1159,963,1326,367,3025,1366,748,1390,2306,2251,2049,2502,2510,94,606,892,2615,1301,1217,2051,1195,2793,1300,1253,1003,227,1908,1095,2262,431,861Wausau,1240,2198,1725,1600,708,841,1138,805,913,848,1015,1222,907,646,1008,111,1230,1777,509,676,0,436,156,2750,1222,1117,321,1380,2582,1308,751,1707,1198,2733,1075,1164,462,1146,2186,645,415,824,754,1521,1819,1055,932,509,1011,2187,270,58,1144,496,175,1410,168,842,316,1826,1575,793,1129,1193,1858,727,197,489,2295,638,786,786,727,1141,1998,2083,1168,934,2939,42,1262,1051,751,1265,920,2460,841,3064,1922,971,2296,837,1750,1582,344,1193,1167,950,1954,1824,1837,1327,1224,857,888,1242,3211,1179,2605,2368,127,3099,1511,2673,859,1237,1735,1262,434,2961,742,497,2028,1795,1344,1806,657,661Waukegan,244,1000,2260,1933,1360,468,757,1023,565,673,1056,775,982,667,854,768,170,990,1985,551,436,0,1026,1306,1766,98,889,563,1387,1427,827,1687,1663,2841,1253,1053,1401,69,1206,648,2557,511,869,1772,860,322,591,497,1131,268,2040,941,945,899,2536,2890,1596,328,178,2639,1133,2029,1255,741,804,1262,1989,872,1957,414,353,735,73,781,2243,985,2763,1065,2956,691,1691,2960,1191,618,1889,2853,1434,1758,2961,2168,936,201,1830,1654,390,326,583,1500,2341,274,1415,2949,758,1001,1166,387,1467,2009,1706,2471,419,3125,1328,624,989,2035,1732,1180,2057,306,2439,1023,1226,537,784,2106,1105,322Watertown_SD,601,393,1549,1824,1351,1909,1058,572,880,1155,1263,534,1365,1572,1257,394,1358,433,1580,1403,156,1026,0,386,298,2932,408,696,2683,1415,620,1366,1176,1255,1361,655,1631,1086,1153,2738,2526,2486,1046,1822,1146,1413,673,772,1373,461,1182,2102,1144,738,2366,1307,3074,1577,993,2889,740,1168,761,678,600,199,2589,950,2578,260,1054,265,1013,160,1320,1230,259,2062,2772,838,1696,175,2768,379,1155,1362,1805,2333,1655,3142,2142,2078,2193,1700,1030,453,1226,2027,1674,967,799,241,1146,869,1254,932,1019,1701,2906,1572,413,2944,1289,3008,1535,2093,2614,1215,1437,2190,665,808,815,1010,1260,1993,851,807Watertown_NY,1366,776,1016,1128,2999,2698,1473,471,1404,1634,738,234,1795,358,791,425,1574,715,935,302,2750,1306,386,0,668,1488,2704,490,1758,1227,1101,1521,889,2943,357,967,711,1316,469,2033,773,2400,2003,1923,1161,823,828,238,374,686,1214,524,2997,899,2334,1788,579,3057,1479,2641,980,72,889,2252,639,403,1535,1550,1335,700,862,1003,607,1072,1362,697,504,961,30,140,1636,841,821,2484,1483,2630,471,2704,2230,1965,3116,433,1376,2135,1118,925,1434,1537,1429,303,1387,1985,1670,892,569,751,1163,568,236,2493,1184,3047,946,2969,958,374,2672,1925,1412,1605,1625,2365,2336,1506,1053,429,1133,554Waterloo,1008,373,253,305,1178,2007,1714,1538,700,537,833,795,905,857,1007,1214,899,658,1000,212,1222,1766,298,668,0,522,1260,2511,2905,1132,615,1638,1010,3150,1463,2005,207,294,238,1232,778,869,1973,1131,1560,1063,359,1130,1250,504,1529,644,1231,2752,2220,757,1090,732,2959,1742,1197,443,1375,1200,1859,529,1257,532,1563,1207,1337,822,1300,449,1421,249,596,1206,2990,2846,1620,1004,156,916,2893,2237,1623,1371,2601,2477,2004,627,1936,1257,1291,1013,991,1383,1691,825,678,2686,486,2194,1146,1025,193,1439,1428,1339,103,2148,1049,2659,984,2150,323,2021,2476,1580,1243,164,1163,324,1109,1208,2917,786Waterbury,1190,278,1548,958,1198,1034,3164,2880,1366,512,1527,1757,750,285,2003,206,672,373,1801,636,1117,98,2932,1488,522,0,300,1067,132,1892,433,1319,1494,2835,1670,891,1818,210,1040,1345,807,744,1404,1687,1470,888,435,540,470,507,802,886,961,1108,270,1649,656,1243,1241,993,508,908,1630,210,1004,1469,1194,438,1806,1807,786,1286,1167,1359,915,988,496,356,3235,1081,1373,126,94,1144,1225,126,1359,2522,1277,2870,2451,718,2975,1878,2077,1291,1037,1341,1899,430,604,2006,1137,192,1898,675,1930,1299,196,272,2940,3108,196,2762,913,2176,2813,640,2534,2644,1236,1141,1490,2798,1775,1704,1796,2587Washington,315,962,434,1320,730,970,719,2936,2652,1051,268,1285,1489,435,210,1775,109,357,73,1573,321,889,408,2704,1260,300,0,118,1454,2082,1025,1351,808,1640,1355,449,283,1578,1406,2074,707,681,978,2258,1502,3029,1177,780,603,862,1433,429,1276,864,2617,2637,998,674,1752,2099,1988,1156,1612,484,243,471,2524,564,2233,788,1447,703,1422,1200,1689,327,809,489,2265,1198,1654,2924,961,1211,560,2972,1137,2277,2419,1379,2844,128,1651,2917,1054,1873,1534,1392,1837,615,737,1136,806,575,142,2179,380,730,1192,1006,2444,1478,1383,1863,1007,2079,2839,2024,463,2702,2122,1359,1424,529,2042,293,1285,1498Warren,326,428,769,291,1127,537,777,976,2760,2459,1321,198,1165,1395,465,172,1582,305,663,273,1380,563,696,490,2511,1067,118,0,2351,887,2228,1986,908,2936,278,766,746,267,1537,2253,561,662,190,2032,1895,2745,2580,1159,679,272,991,763,1401,1179,2810,231,2734,1151,792,1831,967,2636,727,673,565,850,1716,1550,2359,626,585,1364,788,1532,1446,1275,858,647,2312,722,1899,1247,3064,774,422,2910,1976,366,2183,2647,1353,410,2244,1611,2009,1035,747,755,1883,316,945,2065,828,527,841,516,3082,1221,1813,659,2815,977,1671,3039,629,2182,2658,2050,2819,504,2180,534,1366,1545,1047,2996,2982,987Walla Walla,2452,2645,2873,1707,2691,1344,1926,1718,2796,500,238,3156,2383,1650,1763,2480,2588,1002,2690,2897,2582,1387,2683,1758,2905,132,1454,2351,0,1338,727,2228,1475,2011,1456,1805,391,524,1459,888,972,624,269,1015,1432,1220,2124,2761,1153,512,844,797,1383,1184,3038,363,871,2794,1658,2240,1382,960,1580,1395,786,1165,509,758,538,705,964,497,1151,580,1972,1116,1096,157,2322,1363,1004,1347,254,2172,1365,2795,1710,2875,372,2254,2621,1180,2615,2186,720,2035,1380,2633,2380,404,727,2273,905,1213,397,786,1375,1629,1043,1212,2920,1077,1721,784,967,1267,2761,1979,2830,2952,191,664,2153,1763,1593,727,160,2660Waco,1958,1452,1484,1799,921,1703,1043,1096,1226,1005,2026,2152,1330,1287,471,204,1174,1540,1507,1593,1308,1427,1415,1227,1132,1892,2082,887,1338,0,461,1110,2398,3158,531,476,1616,134,1174,2336,1713,997,960,858,449,375,1537,2462,1884,923,1030,225,1772,1266,1872,248,622,724,2706,1764,485,1443,1149,2875,1013,886,181,566,2019,1704,1090,876,386,975,661,1448,1007,927,1914,500,1018,831,351,1329,3312,2901,1595,2609,2772,80,2228,162,1318,2557,1300,700,2354,924,1029,755,793,1734,1022,611,911,886,1404,555,3133,634,1222,90,1546,1080,2266,2159,1862,2073,2520,2978,2387,1869,2249,470,1797,1734,2144,473Vincennes,892,2120,572,692,934,463,811,836,278,518,722,2347,2176,1082,424,627,854,375,677,1300,751,827,620,1101,615,433,1025,2228,727,461,0,1479,1000,277,1678,1145,681,1376,1293,2483,937,1587,1231,2017,463,1392,496,1504,1786,2493,826,465,1223,1543,2856,954,937,455,290,783,1193,439,1045,917,2493,867,1148,880,2288,995,1182,1002,387,217,1238,549,1040,746,2590,1209,1168,1501,808,1536,298,846,1941,2494,2506,2989,84,530,2433,1223,1493,1307,1296,360,2195,1529,1242,1710,275,576,496,1278,1716,1209,1111,2366,2844,1827,2029,380,1605,1306,2822,1167,2623,2688,2413,795,608,600,1728,1896,1776,1814Victoria,1031,223,2104,1593,1578,1893,1144,1842,1266,1257,1349,1038,2114,2334,1330,1428,694,411,1288,1681,1707,1687,1366,1521,1638,1319,1351,1986,2228,1110,1479,0,996,1707,1324,1190,932,386,1396,2235,656,1000,1227,2285,1421,1622,1024,373,1513,2194,2127,780,1463,1016,1509,71,1116,770,211,2653,1735,1302,959,1428,796,2243,1634,873,2528,411,923,1136,425,545,1102,1008,1230,1107,2252,349,571,575,909,583,53,2712,1539,2840,2391,2816,2963,2439,2210,2375,947,1519,1689,1208,3200,498,1178,2307,244,538,613,970,2181,865,445,703,801,277,727,616,2040,473,1375,2033,1724,2791,2166,813,2252,2260,1858,566,1750,1488Vicksburg,530,556,419,2274,1110,1067,1382,890,1361,1138,800,1000,586,2361,2457,921,945,705,511,800,1198,1663,1176,889,1010,1494,808,908,1475,2398,1000,996,0,2604,351,2897,225,692,1093,1316,771,747,1305,1571,1685,604,1290,1205,863,1283,2225,2329,264,1256,2091,1312,1023,1117,167,2829,744,2383,855,608,1279,460,3114,793,2713,649,1047,835,1670,591,1536,95,1593,726,2873,784,1436,1318,866,1254,1056,2957,1512,1169,2737,2701,2855,481,462,2129,1464,743,2082,601,1928,1537,995,432,506,626,246,937,1800,787,1179,926,1880,2979,1920,1758,2056,1034,686,1549,2828,1892,2269,588,2278,233,1487,640,2665,1470Vancouver,2675,2505,2422,2359,409,2705,2898,3126,1960,2944,1597,2179,1971,3136,710,246,3496,2636,2029,2164,2733,2841,1255,2943,3150,2835,1640,2936,2011,3158,277,1707,2604,0,1124,1424,2747,551,1074,2290,1515,834,1261,2359,922,182,643,1449,171,206,1161,2137,3012,145,1883,722,1487,876,1023,3057,937,173,1179,1334,250,762,1433,2266,1105,912,1287,996,99,1462,1662,554,746,1309,1572,111,1255,374,1181,412,1034,2285,1757,2411,1190,2918,2740,706,2786,388,1340,1487,591,346,2503,353,2047,2152,1375,358,334,592,1741,974,2157,1073,2402,1272,1745,478,358,895,974,553,832,2961,1370,682,2207,266,1691,2458,2723,2367Valley City,1518,1327,1461,943,1238,1265,1225,1418,1646,500,1464,195,699,491,1658,1745,1272,2018,1156,767,1075,1253,1361,357,1463,1670,1355,278,1456,531,1678,1324,351,1124,0,962,1303,2507,1758,1573,569,1389,1181,2221,1759,1868,697,640,479,929,1017,1140,3107,2857,3048,962,927,1479,253,1923,1165,272,1394,2622,1138,388,1944,614,413,814,1445,1236,1140,135,660,679,211,298,1696,1778,1704,809,1063,973,1199,1982,1232,2656,2308,875,2892,815,2487,2728,1718,1339,1859,1718,2874,806,807,3127,488,1899,559,643,1495,1091,1090,1465,1735,1301,879,2962,1980,878,213,1298,901,904,2396,631,2301,517,1717,200,440,2425Valdosta,1648,3126,542,975,712,961,2773,1039,782,1097,1168,1191,1539,990,1230,63,2903,2880,386,883,1164,1053,655,967,2005,891,449,766,1805,476,1145,1190,2897,1424,962,0,383,1063,2125,2568,858,663,1058,2235,1809,60,1170,306,852,1162,465,376,217,2862,535,1057,1167,889,1381,2892,272,500,1570,366,2240,539,979,1035,2290,2294,312,1357,1482,1226,1339,1403,85,499,2101,2378,404,217,1132,525,1407,2449,782,2131,2553,2618,840,399,2339,2462,1817,1556,1466,420,1437,1199,1317,2072,1326,102,1603,44,1546,283,876,1157,1251,1613,1133,1089,1056,817,1541,1161,428,960,1059,804,1395,541,1782,235,2906,93Utica,1157,1461,2941,1358,1839,808,1700,2688,282,389,201,1005,83,1363,773,1013,1094,2996,2695,1439,462,1401,1631,711,207,1818,283,746,391,1616,681,932,225,2747,1303,383,0,116,885,542,1236,732,1106,1915,1635,526,796,1557,1116,358,277,641,1077,431,183,2945,105,1129,791,1777,983,700,1798,150,325,1887,1850,168,2175,802,1691,394,728,1541,1682,253,2083,625,2528,1324,1073,1887,779,170,1467,1840,1520,1681,2028,2863,2657,2403,2751,2347,1308,1843,708,1085,2692,398,1710,2462,601,1103,304,1884,906,223,1482,1109,1752,2078,539,689,1016,2013,205,754,587,500,536,2422,2261,1096,1871,550,2932,2576Uniontown,417,862,1221,2701,1014,1497,493,1356,2448,189,207,458,765,444,1123,533,773,799,2746,2455,1146,69,1086,1316,294,210,1578,267,524,134,1376,386,692,551,2507,1063,116,0,1204,1112,2540,1299,775,2104,1254,228,1053,478,995,407,904,871,1388,919,3408,2644,2940,265,1031,2168,410,446,664,465,442,929,2861,874,2009,1272,1021,1774,1253,942,1922,1142,541,1382,2654,1074,758,2487,1642,966,1453,2717,762,2419,1578,2302,2902,938,1280,2693,1155,1371,2201,2977,2312,995,271,2855,705,235,1356,259,2787,581,1570,779,1960,1697,984,1276,1717,439,2693,1083,1547,496,775,1947,1561,242,1276,529,2709,2602Tyler,1222,1566,827,1229,2402,285,326,758,134,2001,1318,1350,1665,884,1569,1040,980,1166,871,2088,2186,1206,1153,469,238,1040,1406,1537,1459,1174,1293,1396,1093,1074,1758,2125,885,1204,0,2014,1069,2414,1579,1763,1641,1666,695,846,1190,1317,1270,415,1252,1143,2548,1402,2828,3021,930,2157,211,1058,1633,939,684,1049,450,1967,1985,246,1165,933,2489,1103,2019,1457,863,586,690,1011,1192,1433,2006,1502,1183,2536,1796,1661,2316,1888,2276,1145,2256,1206,1811,1218,2206,208,138,757,1506,1364,1087,372,227,853,1139,1334,1037,830,1659,1638,506,2059,1038,821,986,1746,421,1680,700,2268,319,2852,1700,1294,2812,2411Twin Falls,1583,2101,2351,2355,1105,819,1856,1686,1702,1540,418,2115,2291,2521,1367,2354,1184,1620,1558,2378,645,648,2738,2033,1232,1345,2074,2253,888,2336,2483,2235,1316,2290,1573,2568,542,1112,2014,0,829,943,1957,2633,1113,490,949,456,1258,506,1516,629,869,1007,1912,417,465,2811,3016,2685,33,468,596,518,557,1291,366,644,160,1129,748,1077,186,2281,676,1031,1205,801,2273,2346,1318,1228,1092,2151,1768,2985,1615,2695,1558,2466,1927,313,2501,2264,2267,1814,2146,486,3045,1685,1197,2632,739,761,626,594,190,560,2838,205,1705,1392,691,1282,387,809,1081,452,2751,358,1115,2388,1269,2305,2410,209,1913,2514Tuscaloosa,1998,524,820,1162,387,1356,2772,239,750,483,658,2416,943,828,1143,861,1194,1207,750,950,415,2557,2526,773,778,807,707,561,972,1713,937,656,771,1515,569,858,1236,2540,1069,829,0,795,564,1581,2033,982,841,1336,1066,768,1323,1261,1159,688,2025,1350,715,597,2713,283,1207,708,909,1297,568,454,56,765,2292,2041,942,660,357,400,1117,976,302,1116,2583,1499,724,1177,569,1163,2131,1400,1983,2514,2592,1857,2440,980,2042,2509,974,2049,2130,661,2779,1348,1172,2007,848,806,1019,245,1424,1401,998,2071,2202,1443,934,1122,1122,1098,1327,1057,918,2860,584,700,1129,2727,1179,3050,2915,1615Tupelo,126,1872,486,813,1157,483,1230,2646,230,744,380,620,2290,909,891,1206,735,1160,1081,624,824,511,2486,2400,869,744,681,662,624,997,1587,1000,747,834,1389,663,732,1299,2414,943,795,0,1015,1365,1424,239,518,746,826,405,1086,703,2238,1042,2645,1580,1158,592,1262,905,2215,845,922,707,915,1168,1176,1007,2485,413,1438,854,674,386,1593,2222,1441,982,2823,303,1011,2422,478,1021,1295,965,193,2882,2411,2734,1831,54,1558,1984,1219,1127,916,390,2664,1268,1859,607,200,561,506,627,824,670,1172,446,867,805,1017,1370,1330,893,1792,772,640,1051,2323,2284,982,2781,2148,2503,1153,2585Tulsa,535,661,1415,343,1047,1362,1018,891,2219,522,603,585,380,1833,1126,1246,1488,564,1365,702,754,869,1046,2003,1973,1404,978,190,269,960,1231,1227,1305,1261,1181,1058,1106,775,1579,1957,564,1015,0,2069,704,2797,956,699,1072,1115,1157,822,1070,2031,2753,667,1090,1250,371,3020,1742,2674,1635,944,325,678,258,310,2713,607,1051,1521,233,764,1495,489,2857,768,3008,154,1421,1637,2406,1092,760,1862,523,1146,2779,2553,2708,800,2330,1534,1103,1372,2116,2958,2976,1208,1779,2974,1974,477,815,984,683,780,1029,760,2048,2684,1377,1426,795,872,1411,875,1137,782,494,1090,1051,1083,2008,2925,896,1220Tucson,1065,1520,1565,1049,1064,2101,2416,1879,1664,1841,1337,1009,1642,962,1457,2180,2300,2542,1552,2419,1521,1772,1822,1923,1131,1687,2258,2032,1015,858,2017,2285,1571,2359,2221,2235,1915,2104,1763,2633,1581,1365,2069,0,1469,1353,2176,521,585,556,1347,579,628,973,1167,163,500,1206,1385,2571,1567,2390,1406,610,565,557,1531,883,1547,834,1244,1000,2088,163,1348,513,256,2156,1400,1006,1671,457,954,1847,642,2341,662,607,1043,3002,2527,341,1572,2272,432,1105,2361,895,933,1313,1681,2979,1171,2087,561,379,1889,1162,911,781,3022,1036,1566,803,841,412,1352,871,1847,1305,687,1271,1891,2705,754,2979,749,552Trinidad,707,561,1085,1170,882,701,1501,1816,1516,1003,1701,974,857,1046,667,1300,1580,1700,1942,901,1819,860,1146,1161,1560,1470,1502,1895,1432,449,463,1421,1685,922,1759,1809,1635,1254,1641,1113,2033,1424,704,1469,0,393,889,2514,1464,431,971,1062,958,531,2855,1767,799,416,1615,1674,675,1192,1338,2897,799,728,944,683,2531,358,1472,1193,1236,1880,1305,680,767,575,145,1454,1675,78,705,1390,2632,2412,1141,1561,504,1353,2976,344,2606,1514,1389,455,1514,992,2581,1829,1823,2919,1269,914,1787,336,678,745,712,267,1947,134,1120,2667,1338,463,1106,988,1143,1959,835,1884,685,778,1930,1281,247,816Trenton,1807,2407,1353,1060,997,2384,1519,315,247,951,1511,2991,1236,1747,799,1653,2738,354,169,146,1055,322,1413,823,1063,888,3029,2745,1220,375,1392,1622,604,182,1868,60,526,228,1666,490,982,239,2797,1353,393,0,460,1070,1781,721,938,633,2038,841,3062,287,1953,652,609,1588,809,25,1995,2629,2504,914,1184,222,1184,650,289,1421,1253,1305,864,290,538,863,2546,2934,657,1168,998,683,1079,700,1212,2040,1458,871,1391,511,2425,2548,793,1396,1386,803,2826,1218,1405,2903,1291,827,1168,2243,1239,923,1750,594,2357,1321,2129,900,776,177,1157,271,1022,1311,1415,1175,1094,1741,1123,2903,1634,473Traverse City,844,1439,2039,1021,881,952,1935,1247,561,731,1167,852,2370,1057,1524,501,1363,2117,558,751,932,591,673,828,359,435,1177,2580,2124,1537,496,1024,1290,643,697,1170,796,1053,695,949,841,518,956,2176,889,460,0,288,332,2246,1622,384,670,1831,2747,720,731,1932,124,2610,1105,1032,1306,957,2247,2114,1085,408,1766,716,1290,231,1568,1374,1686,1821,675,345,2376,1250,1461,1532,172,821,1109,1943,859,2111,1937,1768,910,1369,2793,2367,1676,713,1678,1377,2301,1463,1627,211,1102,767,1134,700,3148,275,947,1171,2750,721,793,596,1184,1718,519,240,1159,1190,919,729,1023,2314,1235,670,109,1304Toronto,435,460,1620,2220,1180,1006,1053,2116,1380,373,296,1200,1228,2708,1182,1657,626,1514,2455,195,509,497,772,238,1130,540,780,1159,2761,2462,1504,373,1205,1449,640,306,1557,478,846,456,1336,746,699,521,2514,1070,288,0,900,802,2164,977,1375,554,1552,354,344,564,1836,2791,772,1262,485,248,1156,1997,3169,883,1558,126,117,1239,875,1667,1879,1221,2501,640,2304,1761,1249,3012,1672,1303,1402,2702,743,871,2008,2247,1807,1969,1070,2735,1543,1683,1069,609,1851,604,1872,2937,1700,879,1076,837,359,1946,1322,346,1259,580,1400,1065,2158,194,2398,443,1215,1273,864,1234,1049,1647,1917,1939,2803,363Topeka,1051,870,1238,586,1186,232,647,773,1239,575,932,1247,1130,659,2032,701,835,477,612,1657,1011,1131,1373,374,1250,470,603,679,1153,1884,1786,1513,863,171,479,852,1116,995,1190,1258,1066,826,1072,585,1464,1781,332,900,0,170,853,2189,1369,1171,2848,1565,598,157,105,1525,880,294,651,1235,174,1272,2868,2194,2723,366,535,205,1485,758,2107,1341,986,1800,2230,770,1171,1416,3152,742,286,2952,1677,1642,843,2318,2286,915,423,999,1812,1524,1946,1290,2524,552,1129,3182,1369,2224,1132,875,1008,1246,2789,523,2527,1786,1728,592,1103,997,750,1451,592,1324,727,1442,1122,1112,1412,2512,1037,2456Toledo,775,287,290,554,1344,1944,893,719,766,1848,1093,271,504,913,960,2440,895,1370,339,1227,2187,268,461,686,504,507,862,272,512,923,2493,2194,1283,206,929,1162,358,407,1317,506,768,405,1115,556,431,721,2246,802,170,0,1068,694,3121,1272,1923,644,1749,451,568,2874,865,238,1334,1339,843,781,1417,2020,660,922,427,484,1064,1544,924,1583,871,880,280,1633,1022,1910,669,2260,1934,2758,1992,2576,1539,717,2357,728,1472,460,759,1838,1765,581,1831,892,897,2287,1576,811,1928,629,1175,1344,1017,2430,2134,575,601,232,1493,517,316,408,2456,688,787,1137,1145,1664,628,1845,978,739Texarkana,957,534,1244,1111,1383,740,1135,314,385,431,1622,136,1086,1430,782,1180,2441,240,418,622,270,2040,1182,1214,1529,802,1433,991,844,1030,826,2127,2225,1161,1017,465,277,904,1270,1516,1323,1086,1157,1347,971,938,1622,2164,853,1068,0,413,1650,2876,3070,881,308,1732,231,2950,982,1513,1532,285,1073,278,563,1243,167,2349,1455,458,900,914,1925,659,1186,1000,2587,2681,981,879,1147,1197,3406,1805,1558,2891,2473,1849,691,766,1943,1414,896,555,2214,899,2792,123,1387,2225,599,1052,1092,2209,310,1363,352,665,47,1136,1589,1705,1886,376,1035,1253,691,2565,167,1183,499,1872,1539,1310,1378,842Terre Haute,671,291,487,578,443,751,1056,1656,602,438,541,1684,807,445,760,770,904,2383,614,1084,58,941,2102,524,644,886,429,763,797,225,465,780,2329,2137,1140,376,641,871,415,629,1261,703,822,579,1062,633,384,977,2189,694,413,0,1162,1405,138,272,1086,185,1634,2773,1189,317,662,294,250,468,1574,497,3083,2048,1822,1367,1086,933,618,1460,946,1242,2780,248,1142,1771,750,1667,794,1021,1196,2457,2788,2719,1888,1901,1988,1893,561,734,646,163,2611,1168,650,2450,949,170,1337,982,3112,1177,220,872,2869,3045,1394,462,395,758,435,567,604,824,2028,1670,468,1520,1708,1862,1902,1080Tampa,1003,981,1146,1354,1414,1400,1130,1715,2078,1242,707,589,2579,1026,1056,1349,233,1881,3353,741,1144,945,1144,2997,1231,961,1276,1401,1383,1772,1223,1463,264,3012,3107,217,1077,1388,1252,869,1159,2238,1070,628,958,2038,670,1375,1369,3121,1650,1162,0,1001,1619,2696,1030,1059,521,1953,874,589,1615,1752,427,763,1804,535,2223,1282,1445,1776,772,1063,1170,787,1214,339,3008,248,1435,2759,1088,641,1197,2216,1678,1938,2354,2969,2693,1116,919,1964,777,503,816,1858,3052,987,1656,1842,652,520,446,1189,1417,1659,1157,961,2840,256,1266,1119,1663,837,460,642,926,476,259,911,411,1566,849,2070,1462,1555Tallahassee,245,796,736,939,1109,1226,1193,1033,1470,1833,997,462,344,2334,781,919,1232,82,1674,3108,496,899,738,899,2752,1108,864,1179,1184,1266,1543,1016,1256,145,2857,2862,431,919,1143,1007,688,1042,2031,973,531,841,1831,554,1171,1272,2876,1405,1001,0,2516,1252,2858,863,950,2795,663,206,1740,259,1370,1034,801,801,1616,354,1815,1528,2175,986,1011,849,1291,1119,1842,192,1611,344,2824,1520,998,1948,1016,1344,1844,2664,2943,227,1487,789,815,840,1179,2459,1316,1355,1475,2719,521,461,540,213,1414,1441,3163,534,2725,922,1942,2946,1270,519,1500,1024,381,1094,799,1441,1596,2063,766,1718,1360,1164Tacoma,3014,3259,2295,2302,2352,1919,2620,2282,2903,1562,1666,2095,2552,2678,680,2263,2613,2853,3035,1430,175,2536,2366,2334,2220,270,2617,2810,3038,1872,2856,1509,2091,1883,3048,535,183,3408,2548,1912,2025,2645,2753,1167,2855,3062,2747,1552,2848,1923,3070,138,1619,2516,0,332,1372,2863,255,2135,975,1311,1509,350,501,1203,322,536,1781,792,982,1727,2273,1967,2042,964,816,582,2826,998,1839,386,880,2007,1197,2303,827,1915,1365,1822,2703,450,2487,1495,1587,878,1699,1405,834,467,1866,2389,920,324,697,881,1019,1648,200,2396,2798,1085,1595,441,904,181,313,735,88,513,543,2492,467,787,1290,1764,1216,1092Syracuse,2802,1195,1312,709,1379,453,1196,249,684,251,1765,2365,1311,1106,1125,2300,1515,373,51,1120,1410,2890,1307,1788,757,1649,2637,231,363,248,954,71,1312,722,962,1057,2945,2644,1402,417,1350,1580,667,163,1767,287,720,354,1565,644,881,272,2696,1252,332,0,794,1393,2765,3106,78,441,990,93,660,1108,1991,750,2320,1057,471,931,1107,2065,1300,1065,1035,479,1479,211,705,126,610,680,3050,1881,1218,1590,1812,1050,1796,912,2802,2429,314,1369,1816,1049,1731,1070,157,2987,618,748,85,182,1689,671,183,1079,771,207,1456,225,2005,2096,850,785,1500,112,64,1304,1231,1909,828,2261,1267,869Swainsboro,952,2986,250,369,714,819,821,1091,1054,1075,791,1552,1916,1002,479,388,2316,864,694,989,168,1596,3074,579,1090,656,998,2734,871,622,937,1116,1023,1487,927,1167,105,2940,2828,465,715,1158,1090,500,799,1953,731,344,598,1749,308,1086,1030,2858,1372,794,0,665,1321,788,1197,627,1554,1550,377,1082,257,1150,2428,451,779,383,1071,1321,871,1950,330,626,2061,1356,1674,1076,925,863,1284,814,681,2117,1487,2122,1015,1011,2302,2744,1518,354,236,958,2210,277,706,1485,1203,591,973,640,763,1018,895,1286,2642,3009,1907,400,2010,842,2759,204,334,1633,457,1764,787,2883,1269,736,630,920Sumter,187,805,2969,410,507,715,929,732,1151,907,1017,624,1654,2064,1104,590,499,2376,1017,557,842,328,1577,3057,732,1243,674,1151,2794,724,455,770,1117,876,1479,889,1129,265,3021,2811,597,592,1250,1206,416,652,1932,564,157,451,1732,185,1059,863,2863,1393,665,0,357,1675,1794,593,876,197,1168,984,723,824,842,549,1077,691,528,1157,2402,1981,2617,996,1853,766,561,152,1206,1022,1014,2716,1277,1543,2014,1854,2161,2491,1920,2310,1862,1541,1347,2439,2281,756,690,1455,978,921,792,416,1506,727,930,387,2887,1328,1735,593,1950,939,247,1970,908,342,1068,2157,610,1817,2110,2107,2508,282Stroudsburg,666,829,182,2871,1072,1172,744,1388,525,1231,391,815,69,1800,2400,1346,1065,1002,2371,1524,316,178,993,1479,2959,1241,1752,792,1658,2706,290,211,167,1023,253,1381,791,1031,930,3016,2713,1262,371,1385,1615,609,124,1836,105,568,231,1634,521,950,255,2765,1321,357,0,2552,523,2442,1847,866,448,1034,424,949,2530,1171,1187,1004,325,343,1617,1410,2611,2027,3018,1006,950,1434,1032,607,1329,2892,1756,1134,1440,2320,1893,917,1455,1790,1050,1865,1931,1482,775,882,1210,2018,1639,893,1175,230,494,548,1038,1053,2182,1428,1373,2992,1934,971,818,1108,2765,1017,253,689,992,2218,1322,3081,802,2161Stockton,2909,2793,2678,2838,818,2595,2840,2222,1865,2386,1777,2654,2473,2922,1329,848,1745,2224,2295,637,1826,2639,2889,2641,1742,993,2099,1831,2240,1764,783,2653,2829,3057,1923,2892,1777,2168,2157,2685,283,905,3020,2571,1674,1588,2610,2791,1525,2874,2950,2773,1953,2795,2135,3106,788,1675,2552,0,643,998,1303,558,484,914,1787,700,2737,652,647,1136,958,117,912,1073,688,1910,565,943,941,844,1574,763,1454,3120,1876,2655,1144,1787,2294,1392,1760,1381,1414,1181,2181,358,1812,1149,1327,2475,711,1489,663,734,929,995,1268,140,1912,916,1618,634,1046,773,965,1203,412,2898,480,1953,963,2611,1489,2015,265,504Stevens Point,2174,998,1096,1134,929,1900,1223,1430,432,997,479,646,747,462,1030,1166,1824,836,791,917,1575,1133,740,980,1197,508,1988,967,1382,485,1193,1735,744,937,1165,272,983,410,211,33,1207,2215,1742,1567,675,809,1105,772,880,865,982,1189,874,663,975,78,1197,1794,523,643,0,60,440,2681,777,622,687,951,2422,866,1289,730,1324,1064,1101,216,821,1356,153,2991,1698,1084,984,737,1436,1986,2118,2775,2552,840,1826,361,1432,1768,2406,1309,2162,386,2746,556,725,2601,926,432,1266,1209,384,664,1259,827,2346,1586,1198,731,1968,2043,88,1211,280,321,2333,1612,753,1120,1871,2416,1086,575Steubenville,675,2567,356,614,740,392,2548,944,1102,391,1032,206,878,348,496,365,1447,2047,993,759,793,2029,1168,72,443,908,1156,2636,960,1443,439,1302,2383,173,272,500,700,446,1058,468,708,845,2674,2390,1192,25,1032,1262,294,238,1513,317,589,206,1311,441,627,593,2442,998,60,0,1293,1237,2299,1382,1103,754,1227,545,1496,1238,1589,1410,1692,180,892,732,3378,2688,1369,1105,1224,454,1825,2955,1094,3017,2672,2733,805,1250,2028,1443,576,2188,1127,813,3027,1049,858,603,1052,364,302,1809,2075,1278,1292,285,1737,660,666,779,2213,1049,2723,1039,417,345,606,733,92,2388,850,2809,479,788Sterling,1308,933,1299,1650,1633,1573,1579,1441,1591,1836,952,927,1127,488,1395,1214,1663,278,977,675,1129,1255,761,889,1375,1630,1612,727,1580,1149,1045,959,855,1179,1394,1570,1798,664,1633,596,909,922,1635,1406,1338,1995,1306,485,651,1334,1532,662,1615,1740,1509,990,1554,876,1847,1303,440,1293,0,326,855,2011,50,316,2523,969,1181,1433,1362,1411,1822,1055,767,294,2518,1288,1215,3067,109,352,1276,1840,1995,2026,2914,2909,2707,2238,1385,1970,113,639,1055,1566,2627,1364,1560,2186,1375,490,630,791,2675,986,975,150,2614,1403,1489,1122,1318,1253,1208,1776,535,512,643,2306,2198,1995,1632,1318,257,182Staunton,1525,266,914,2790,324,367,505,447,2787,748,867,595,1064,454,1082,549,744,319,1651,2197,1193,741,678,2252,1200,210,484,673,1395,2875,917,1428,608,1334,2622,366,150,465,939,518,1297,707,944,610,2897,2629,957,248,1235,1339,285,294,1752,259,350,93,1550,197,866,558,2681,1237,326,0,211,540,2920,1097,1598,654,489,1130,1075,1483,502,1326,604,567,1911,346,2058,2766,3030,1313,1516,2231,1053,2894,1924,3137,2883,214,1227,1396,1054,331,1620,3046,1880,1239,1874,2704,1031,1549,756,651,1621,1647,1664,694,2433,452,756,668,1282,267,1325,1289,2781,473,681,2265,1076,186,984,2586,1593,337Springfield_OH,401,1132,189,532,2397,542,624,694,514,2405,812,1019,202,868,127,689,414,412,549,1258,1858,804,600,639,1859,1004,243,565,786,1013,2493,796,1279,250,1138,2240,325,442,684,557,568,915,325,565,799,2504,2247,1156,174,843,1073,250,427,1370,501,660,377,1168,448,484,777,2299,855,211,0,818,1474,2072,2745,285,1282,561,1196,1246,1924,1284,1015,720,2035,1363,1353,1437,2906,2487,317,2220,1339,1880,2791,2003,3111,417,2566,1097,181,1073,1450,1197,1108,680,1673,2954,913,656,1249,731,1416,780,2027,1396,2882,887,1776,1223,1482,816,630,1496,663,2890,578,2178,1174,2730,1637,2193,295,1263Springfield_MO,607,996,726,796,695,1942,1149,972,880,1114,2149,865,1110,405